[[1.0, -0.04206078979174991, 0.079479830321484424, 0.013877179253286078, -0.042353139650387873, 0.092374627432685999, 0.016164103442189232, 0.052441440705082824, 0.011076402270476418, -0.021636442563028255, 0.070978536181744392, 0.021747033562896229, 0.11207552732131495, 0.075341132747105105, -0.024019900624475007], [-0.04206078979174991, 1.0, -0.010932473006178134, -0.031878786768119394, 0.017346890521955014, -0.093662770516096505, 0.058305364551888825, 0.080085866716079687, 0.026109989586626262, 0.050707084737801812, -0.099978021362431307, 0.076252115120229544, 0.0204645951892998, -0.017795796145166843, -0.0083505892355553411], [0.079479830321484424, -0.010932473006178134, 1.0, -0.14203533235554733, 0.02038432676625582, -0.06523416777031113, 0.00093937685198942954, -0.048432438069833085, 0.044537673039488655, 0.038052226682947381, 0.023665423996488851, 0.049841411179964913, -0.13235402105050958, 0.087857397873893808, 0.1189167828516751], [0.013877179253286078, -0.031878786768119394, -0.14203533235554733, 1.0, -0.0079449541679104292, -0.089202889158762094, 0.01619606335831111, 0.033432772666555012, 0.031505918896788117, -0.082192203639871605, 0.0068719381363243608, -0.058214375485862939, 0.12055339003677842, -0.028829311718027887, -0.12924771521334438], [-0.042353139650387873, 0.017346890521955014, 0.02038432676625582, -0.0079449541679104292, 1.0, 0.0059578646847949866, -0.007762689184422104, 0.059087136935423591, -0.18602066888809568, 0.10810553349961638, 0.088278852031447558, 0.11526689464938442, 0.024611115748544132, -0.01669862342921663, 0.063354556267879975], [0.092374627432685999, -0.093662770516096505, -0.06523416777031113, -0.089202889158762094, 0.0059578646847949866, 1.0, -0.058875344477122907, 0.032783128199970014, -0.13464255279227585, 0.075355161509534641, -0.090263917787061526, 0.014404975058303767, 0.090571486582123772, -0.033769504024948889, -0.069272142162572048], [0.016164103442189232, 0.058305364551888825, 0.00093937685198942954, 0.01619606335831111, -0.007762689184422104, -0.058875344477122907, 1.0, 0.010184804039602429, 0.019752993432680773, -0.11418805124075339, -0.07430422912951877, -0.024981468190518708, -0.034314193167556142, 0.031007914661435206, 0.057391730802422845], [0.052441440705082824, 0.080085866716079687, -0.048432438069833085, 0.033432772666555012, 0.059087136935423591, 0.032783128199970014, 0.010184804039602429, 1.0, 0.014165534238144199, 0.0089007833446692834, -0.066980693122313972, 0.038028537380634456, 0.017932584997639736, -0.018665046346874214, -0.004835606970652908], [0.011076402270476418, 0.026109989586626262, 0.044537673039488655, 0.031505918896788117, -0.18602066888809568, -0.13464255279227585, 0.019752993432680773, 0.014165534238144199, 1.0, -0.15667509289629139, -0.095015070066527957, -0.031512416564080714, -0.002274414913766521, 0.090433436374985007, 0.021784298059183332], [-0.021636442563028255, 0.050707084737801812, 0.038052226682947381, -0.082192203639871605, 0.10810553349961638, 0.075355161509534641, -0.11418805124075339, 0.0089007833446692834, -0.15667509289629139, 1.0, -0.044185282870664054, 0.095507484350030633, -0.012271159998236129, -0.0023218379400136925, -0.011602712348202213], [0.070978536181744392, -0.099978021362431307, 0.023665423996488851, 0.0068719381363243608, 0.088278852031447558, -0.090263917787061526, -0.07430422912951877, -0.066980693122313972, -0.095015070066527957, -0.044185282870664054, 1.0, -0.0093458827923539461, 0.060050397277067721, 0.086761157557087853, -0.0055443741361468407], [0.021747033562896229, 0.076252115120229544, 0.049841411179964913, -0.058214375485862939, 0.11526689464938442, 0.014404975058303767, -0.024981468190518708, 0.038028537380634456, -0.031512416564080714, 0.095507484350030633, -0.0093458827923539461, 1.0, -0.051645053728524307, -0.096415983659371873, -0.023026207957165132], [0.11207552732131495, 0.0204645951892998, -0.13235402105050958, 0.12055339003677842, 0.024611115748544132, 0.090571486582123772, -0.034314193167556142, 0.017932584997639736, -0.002274414913766521, -0.012271159998236129, 0.060050397277067721, -0.051645053728524307, 1.0, -0.027256549395776902, -0.2087306111053677], [0.075341132747105105, -0.017795796145166843, 0.087857397873893808, -0.028829311718027887, -0.01669862342921663, -0.033769504024948889, 0.031007914661435206, -0.018665046346874214, 0.090433436374985007, -0.0023218379400136925, 0.086761157557087853, -0.096415983659371873, -0.027256549395776902, 1.0, 0.027951748367348508], [-0.024019900624475007, -0.0083505892355553411, 0.1189167828516751, -0.12924771521334438, 0.063354556267879975, -0.069272142162572048, 0.057391730802422845, -0.004835606970652908, 0.021784298059183332, -0.011602712348202213, -0.0055443741361468407, -0.023026207957165132, -0.2087306111053677, 0.027951748367348508, 1.0]]
